94.44 20.78 90 -0.32 0.21 0.12 0.22 -1.01 -0.45 24 X Y 201411170434A  
93.46 23.49 35 -1.87 -1.84 3.71 -2.07 -0.07 1.37 24 X Y 201411201814A  
86.56 27.46 30 1.20 -3.08 1.88 2.48 -0.64 1.07 23 X Y 201412181532A  
94.76 24.30 93 2.28 -4.99 2.70 -0.82 -1.79 3.71 23 X Y 201412210537A  
95.21 25.01 114 1.07 -1.77 0.70 0.06 -0.69 0.71 23 X Y 201501241611A  
93.93 23.97 96 0.70 -2.07 1.37 -1.49 0.57 4.16 23 X Y 201502121433A  
99.04 23.49 18 0.03 -0.63 0.60 0.00 0.44 0.60 24 X Y 201503011024A  
85.33 27.91 12 1.76 -1.82 0.06 8.04 -1.51 0.48 27 X Y 201504250611A  
85.89 28.06 21 -1.04 0.16 0.87 0.16 0.26 -0.17 24 X Y 201504251742A  
85.95 27.56 21 0.60 -0.67 0.07 1.20 -0.23 0.20 26 X Y 201504260709A  
85.90 27.56 20 5.38 -5.14 -0.24 5.14 -0.18 2.23 23 X Y 201504261626A  
88.27 26.66 27 -2.30 -2.56 4.86 -1.48 -0.83 2.03 23 X Y 201504271235A  
86.08 27.67 12 2.70 -2.62 -0.08 8.25 -1.28 1.22 26 X Y 201505120705A  
86.35 27.37 20 1.37 -1.54 0.17 1.24 0.14 0.43 25 X Y 201505120736A  
86.26 27.37 12 0.75 -0.95 0.20 0.83 0.04 0.63 24 X Y 201505161134A    
90.59 26.38 39 0.15 -1.20 1.04 -0.02 -0.31 0.33 24 X Y 201506280105A  
96.25 19.15 19 1.98 -0.52 -1.45 -0.92 0.08 0.83 23 X Y 201507210127A  
99.57 24.98 16 -2.77 -0.49 3.25 -0.87 -0.10 1.19 23 X Y 201510301126A  
94.99 22.38 17 0.87 -0.82 -0.05 -0.47 0.83 1.08 24 X Y 201511270833A  
93.47 24.71 52 0.41 -0.85 0.44 0.85 0.38 0.92 26 X Y 201601032305A  
94.78 23.02 150 2.48 -2.74 0.26 -1.30 -0.57 1.10 26 X Y 201604131355A  
99.64 26.07 19 -0.73 -2.72 3.44 -0.16 0.45 -3.00 23 X Y 201605171648A  
99.63 26.10 25 -1.41 -0.53 1.95 -0.49 0.22 -0.37 23 X Y 201605171705A  
87.66 28.26 23 -2.13 -0.08 2.21 0.68 -0.40 -0.26 23 X Y 201605220132A  
87.62 28.22 12 -0.89 -0.46 1.35 0.44 -0.27 -0.16 24 X Y 201605220148A  
87.60 28.22 12 -0.78 -0.07 0.84 0.10 -0.23 -0.16 24 X Y 201605220205A  
94.69 21.36 103 2.26 -3.26 1.00 -0.57 -1.32 1.09 23 X Y 201607270420A  
94.87 21.25 128 3.07 -2.44 -0.63 1.23 -0.77 -2.49 23 X Y 201608011001A  
94.71 23.76 127 3.67 -5.22 1.55 -1.36 -2.60 2.06 23 X Y 201608230211A  
94.58 20.79 88 0.52 -0.23 -0.29 0.45 -1.60 0.05 26 X Y 201608241034A  
94.71 22.82 118 0.61 -1.15 0.54 -1.05 -0.46 0.97 23 X Y 201610260221A   
86.53 27.35 35 0.56 -0.61 0.05 0.62 -0.08 0.29 24 X Y 201611272335A  
92.03 23.98 24 -0.08 -2.42 2.50 -0.17 0.14 1.96 24 X Y 201701030909A  
94.56 23.29 97 -0.11 -2.86 2.97 -1.18 -1.37 -0.80 23 X Y 201701031849A  
93.52 24.01 88 2.44 -4.07 1.64 0.27 1.07 3.32 23 X Y 201702241202A  
94.76 25.16 98 -0.04 -2.23 2.27 -0.14 1.24 3.53 23 X Y 201703040211A  
96.09 17.23 12 -1.08 2.30 -1.22 0.74 0.66 7.40 23 X Y 201703131419A  
99.82 25.75 23 0.08 -4.24 4.16 0.25 0.25 0.91 23 X Y 201703262340A  
99.84 25.82 20 0.08 -5.05 4.97 0.26 0.36 0.52 23 X Y 201703262355A  